MultiStackReg Transformation File
File Version 1.0
0
RIGID_BODY
Source img: 2 Target img: 1
255.91848823705726	256.5279555018212
255.6714905352195	128.52819381401463
256.165485938895	384.5277171896278

256.0	256.0
256.0	128.0
256.0	384.0

RIGID_BODY
Source img: 3 Target img: 1
256.48817610130936	260.4438676130229
256.67664573340045	132.44400636623178
256.2997064692183	388.44372885981403

256.0	256.0
256.0	128.0
256.0	384.0

RIGID_BODY
Source img: 4 Target img: 1
256.3269132513612	257.18764699961565
256.3061507304861	129.18764868353082
256.34767577223636	385.18764531570054

256.0	256.0
256.0	128.0
256.0	384.0

RIGID_BODY
Source img: 5 Target img: 1
255.76231982410096	257.1199293916566
255.63824954682724	129.1199895222711
255.8863901013747	385.1198692610421

256.0	256.0
256.0	128.0
256.0	384.0

RIGID_BODY
Source img: 6 Target img: 1
254.98113051787777	257.95432817952207
254.90547716506578	129.95435053667163
255.0567838706898	385.9543058223725

256.0	256.0
256.0	128.0
256.0	384.0

RIGID_BODY
Source img: 7 Target img: 1
255.91275992585628	256.61241695872957
255.86654288516914	128.61242530253787
255.95897696654342	384.6124086149213

256.0	256.0
256.0	128.0
256.0	384.0

RIGID_BODY
Source img: 8 Target img: 1
255.78051826797747	256.1359636915286
255.6490332548456	128.13603122400212
255.91200328110932	384.135896159055

256.0	256.0
256.0	128.0
256.0	384.0

RIGID_BODY
Source img: 9 Target img: 1
255.90594587545993	256.1461544317925
255.95172649594616	128.1461626187663
255.8601652549737	384.1461462448188

256.0	256.0
256.0	128.0
256.0	384.0

RIGID_BODY
Source img: 10 Target img: 1
256.10884419718286	256.53322060499414
256.0967386087792	128.53322117743662
256.1209497855865	384.5332200325517

256.0	256.0
256.0	128.0
256.0	384.0

RIGID_BODY
Source img: 11 Target img: 1
256.05452843341334	256.4780985821286
256.49116435076235	128.47884331446826
255.6178925160644	384.47735384978904

256.0	256.0
256.0	128.0
256.0	384.0

RIGID_BODY
Source img: 12 Target img: 1
256.09726229497454	259.1476332308174
256.2532799495952	131.1477283148705
255.9412446403539	387.1475381467643

256.0	256.0
256.0	128.0
256.0	384.0

RIGID_BODY
Source img: 13 Target img: 1
255.8041239768496	257.02874042660096
255.85596637490926	129.0287509251727
255.75228157879	385.0287299280293

256.0	256.0
256.0	128.0
256.0	384.0

RIGID_BODY
Source img: 14 Target img: 1
255.92254973021554	256.72814071157916
255.9557914629123	128.72814502803544
255.8893079975188	384.7281363951229

256.0	256.0
256.0	128.0
256.0	384.0

RIGID_BODY
Source img: 15 Target img: 1
256.07946264563566	256.1809471784107
255.91102556347244	128.18105800287523
256.2478997277989	384.1808363539461

256.0	256.0
256.0	128.0
256.0	384.0

RIGID_BODY
Source img: 16 Target img: 1
255.7893498252546	256.96385850910445
255.94808952387302	128.96395693997013
255.63061012663616	384.9637600782388

256.0	256.0
256.0	128.0
256.0	384.0

RIGID_BODY
Source img: 17 Target img: 1
256.07876080123657	256.2292748822078
256.0292649992286	128.2292844518739
256.12825660324455	384.22926531254177

256.0	256.0
256.0	128.0
256.0	384.0

RIGID_BODY
Source img: 18 Target img: 1
256.3992760452371	256.86290596119204
256.3059562163746	128.86293997912804
256.4925958740996	384.86287194325604

256.0	256.0
256.0	128.0
256.0	384.0

RIGID_BODY
Source img: 19 Target img: 1
256.45158397966946	256.82469416535946
256.52428474729635	128.82471481146112
256.37888321204264	384.8246735192578

256.0	256.0
256.0	128.0
256.0	384.0

RIGID_BODY
Source img: 20 Target img: 1
255.98222886236127	255.49231828557336
256.1489747078313	127.49242689568575
255.81548301689116	383.49220967546097

256.0	256.0
256.0	128.0
256.0	384.0

RIGID_BODY
Source img: 21 Target img: 1
256.5722516704597	255.8987122972156
256.5311904805331	127.89871888323655
256.6133128603863	383.8987057111946

256.0	256.0
256.0	128.0
256.0	384.0

RIGID_BODY
Source img: 22 Target img: 1
256.76511309766715	254.73200966812632
256.94016231313765	126.7321293643848
256.59006388219666	382.7318899718679

256.0	256.0
256.0	128.0
256.0	384.0

RIGID_BODY
Source img: 23 Target img: 1
256.23954978028235	255.15538581356176
256.4090585547455	127.15549805276967
256.0700410058192	383.1552735743539

256.0	256.0
256.0	128.0
256.0	384.0

RIGID_BODY
Source img: 24 Target img: 1
256.28710468416386	255.75250582373968
256.2804049818175	127.75250599907565
256.2938043865102	383.7525056484037

256.0	256.0
256.0	128.0
256.0	384.0

RIGID_BODY
Source img: 25 Target img: 1
255.70116698389737	257.0850753423599
255.84686018297293	129.08515825843466
255.5554737848218	385.0849924262852

256.0	256.0
256.0	128.0
256.0	384.0

RIGID_BODY
Source img: 26 Target img: 1
255.94733719277582	255.76956202282818
255.9168844939364	127.76956564535506
255.97778989161523	383.7695584003013

256.0	256.0
256.0	128.0
256.0	384.0

RIGID_BODY
Source img: 27 Target img: 1
256.0809047608072	255.55114488971242
256.13133165882266	127.55115482280672
256.0304778627917	383.5511349566181

256.0	256.0
256.0	128.0
256.0	384.0

RIGID_BODY
Source img: 28 Target img: 1
256.066807815195	255.81441701812906
256.0768289280613	127.81441741040524
256.0567867023287	383.8144166258529

256.0	256.0
256.0	128.0
256.0	384.0

RIGID_BODY
Source img: 29 Target img: 1
255.90085668988124	255.60154590524854
255.95698579598832	127.60155821179818
255.84472758377416	383.60153359869895

256.0	256.0
256.0	128.0
256.0	384.0

RIGID_BODY
Source img: 30 Target img: 1
255.76212947813383	255.30870639482822
255.51237017377989	127.30895006580276
256.01188878248774	383.3084627238536

256.0	256.0
256.0	128.0
256.0	384.0

RIGID_BODY
Source img: 31 Target img: 1
256.2793460966778	256.29207045852866
256.49992203406856	128.29226051235787
256.058770159287	384.29188040469944

256.0	256.0
256.0	128.0
256.0	384.0

RIGID_BODY
Source img: 32 Target img: 1
256.29652136704624	254.85652514548568
256.6102054599038	126.85690951211791
255.98283727418874	382.85614077885344

256.0	256.0
256.0	128.0
256.0	384.0

RIGID_BODY
Source img: 33 Target img: 1
255.73003088446757	255.03521442827662
255.67095705528723	127.03522805998553
255.78910471364793	383.03520079656766

256.0	256.0
256.0	128.0
256.0	384.0

RIGID_BODY
Source img: 34 Target img: 1
255.59194038021718	254.9173392377102
255.71915051729903	126.91740245029993
255.46473024313534	382.9172760251205

256.0	256.0
256.0	128.0
256.0	384.0

RIGID_BODY
Source img: 35 Target img: 1
254.6295023587529	254.36945472763975
254.51261553733556	126.36950809690488
254.7463891801702	382.36940135837466

256.0	256.0
256.0	128.0
256.0	384.0

RIGID_BODY
Source img: 36 Target img: 1
255.6573528231893	254.53888900926964
255.94150675804218	126.53920441379377
255.37319888833645	382.5385736047455

256.0	256.0
256.0	128.0
256.0	384.0

RIGID_BODY
Source img: 37 Target img: 1
256.1160048350286	254.5708485418031
255.98428800471356	126.57091631261551
256.24772166534365	382.5707807709907

256.0	256.0
256.0	128.0
256.0	384.0

RIGID_BODY
Source img: 38 Target img: 1
255.94965163821266	255.09556718662554
256.2988601253638	127.09604354129118
255.60044315106154	383.09509083195985

256.0	256.0
256.0	128.0
256.0	384.0

RIGID_BODY
Source img: 39 Target img: 1
255.2638875271053	256.2651170280871
255.85812059401704	128.26649638293253
254.66965446019356	384.2637376732416

256.0	256.0
256.0	128.0
256.0	384.0

RIGID_BODY
Source img: 40 Target img: 1
255.10848093438528	255.95460357733657
255.63266483014175	127.955676897292
254.5842970386288	383.95353025738115

256.0	256.0
256.0	128.0
256.0	384.0

RIGID_BODY
Source img: 41 Target img: 1
256.1617511670308	255.25909794136226
256.32819740527617	127.25920616152608
255.99530492878546	383.25898972119836

256.0	256.0
256.0	128.0
256.0	384.0

